 uwind[mph] vwind[mph] rh[%]
   12.979031       4.7239947       62.279999    
   11.961537       6.9060102       70.459999    
   9.2080002      1.05742974E-05   73.769997    
   11.335135       1.9987019       68.330002    
   11.961537       6.9060102       71.690002    
   8.9711657      -5.1794858       65.839996    
   5.9807687       3.4530051       80.550003    
   8.8171673       7.3984914       63.240002    
   18.386961       6.6923261       65.470001    
   9.0681124      -1.5989406       70.809998    
   1.9987161      -11.335134       71.260002    
   3.5430059      -9.7342682       65.470001    
   5.9807773      -3.4529903       68.330002    
   7.0537472      -5.9187765       68.330002    
   4.7240081      -12.979025       70.809998    
  -1.5989729      -9.0681067       62.970001    
  0.59961486      -3.4005399       68.199997    
  -0.0000000      -0.0000000       83.330002    
   2.7556546       7.5711045       77.169998    
   10.357873       12.344046       65.720001    
  -1.7988203       10.201624       71.260002    
   0.0000000       4.6040001       77.820000    
   3.4529977       5.9807725       74.290001    
   4.6039968       7.9743638       60.810001    
   0.0000000       3.4530001       69.040001    
   0.0000000       3.4530001       75.199997    
 -0.79947567       4.5340552       69.400002    
   0.0000000       4.6040001       61.939999    
  -7.3984809       8.8171759       75.580002    
  -7.9345951       1.3990914       81.800003    
  -6.1720166       5.1789441       95.820000    
  -2.3619895       6.4895182       95.860001    
  -0.0000000      -0.0000000       1.0000000    
   4.6040001      5.28714872E-06   92.400002    
   1.5746694      -4.3263416       85.370003    
   8.6325283      -14.951911       96.410004    
   7.4815249      -12.958323       84.470001    
   14.107494      -11.837553       76.680000    
   14.951942      -8.6324759       63.310001    
   11.510000      1.32178720E-05   56.790001    
   11.335140      -1.9986758       64.930000    
   9.2080002      1.05742974E-05   71.169998    
   2.9903843       1.7265025       57.099998    
   5.6675677      0.99935097       83.779999    
   12.661000      1.45396589E-05   80.349998    
   15.948739      -9.2079744       65.769997    
   19.567001      2.24703836E-05   60.259998    
   9.0681124      -1.5989406       56.790001    
   9.0681124      -1.5989406       62.410000    
   4.5340543      0.79948074       71.410004    
   6.1720166       5.1789441       79.519997    
   4.4085836       3.6992457       73.559998    
  -0.0000000      -0.0000000       80.220001    
   1.1809947       3.2447591       84.410004    
  -1.5746597       4.3263454       78.620003    
  -0.0000000      -0.0000000       92.230003    
 -0.99934459       5.6675692       92.360001    
   2.3619895       6.4895182       92.400002    
   5.9807773      -3.4529903       84.690002    
   11.837604      -14.107451       81.269997    
   10.357903      -12.344020       68.680000    
   6.8010840      -1.1992055       77.540001    
   14.735677       2.5983124       54.950001    
   10.359000      1.18960852E-05   58.779999    
   15.142216      -5.5112906       59.189999    
   14.735682      -2.5982785       57.910000    
   17.002708      -2.9980135       50.730000    
   12.958350      -7.4814792       50.540001    
   16.223803      -5.9049540       58.270000    
   11.897455      -4.3302999       61.360001    
   13.812000      1.58614457E-05   46.619999    
   10.359000      1.18960852E-05   53.869999    
   11.897455      -4.3302999       58.889999    
   7.9345951       1.3990914       64.930000    
   4.0284972       6.9775681       52.570000    
   4.4085836       3.6992457       57.720001    
   5.4079294       1.9683312       58.340000    
   4.3263435       1.5746650       80.519997    
   6.4895210      -2.3619819       64.919998    
   2.8774979       4.9839773       67.459999    
   4.4085836       3.6992457       73.559998    
   6.9060001      7.93072286E-06   80.129997    
   3.4530115      -5.9807649       68.199997    
   4.4391012      -5.2902942       74.199997    
  -0.0000000      -0.0000000       74.199997    
   2.7556713      -7.5710979       74.199997    
  3.17228914E-05  -13.812000      0.77999997    
   3.4530115      -5.9807649       74.410004    
   1.1992297      -6.8010798       81.029999    
   5.4079342      -1.9683181       81.029999    
   1.9683247       5.4079318       74.809998    
   0.0000000       6.9060001       65.470001    
   10.357873       12.344046       74.199997    
   10.201622       1.7988317       74.290001    
   6.9060001      7.93072286E-06   77.320000    
  -0.0000000      -0.0000000       81.029999    
  -3.4005408      0.59961057       84.930000    
   0.0000000       5.7550001       84.870003    
  -2.8774979       4.9839773       69.400002    
   9.0681086       1.5989615       88.419998    
   14.060629      -5.1176271       78.269997    
   9.2080002      1.05742974E-05   72.239998    
   10.201626      -1.7988082       81.029999    
   5.4079342      -1.9683181       80.709999    
   5.9807687       3.4530051       74.290001    
   10.964743       6.3305092       53.290001    
   6.2986388       17.305382       69.169998    
   12.344033       10.357888       75.199997    
   10.815859       3.9366624       78.620003    
   8.1383524      -9.6988726       66.970001    
   7.3985023      -8.8171568       55.990002    
   5.5113425      -15.142196       61.939999    
   2.8775096      -4.9839706       67.070000    
   1.9683247       5.4079318       50.200001    
  -1.7988203       10.201624       68.809998    
   1.3990824       7.9345965       71.820000    
   5.2902999       4.4390950       78.129997    
   6.9060001      7.93072286E-06   59.639999    
   4.6039968       7.9743638       72.459999    
   1.5989513       9.0681105       85.489998    
   2.2195506      -2.6451471       92.400002    
   2.3020077      -3.9871767       1.0000000    
   9.7342815      -3.5429726       89.160004    
   5.6675701     -0.99933791       85.239998    
   6.4895153       2.3619974       85.050003    
   5.9807687       3.4530051       64.680000    
   2.9903886      -1.7264951       75.389999    
  -0.0000000      -0.0000000       96.410004    
  -10.201626      -1.7988082       88.470001    
  -24.171001      2.77575327E-05   81.720001    
  -17.002708      -2.9980135       95.790001    
  -1.7265058      -2.9903824       96.489998    
   3.4529977       5.9807725       95.790001    
   13.602168      -2.3984110       81.570000    
   11.961555      -6.9059806       72.239998    
   6.9775734      -4.0284886       71.470001    
   8.9711657      -5.1794858       59.689999    
   10.201622       1.7988317       48.150002    
   1.9683247       5.4079318       57.790001    
   1.7264988       2.9903862       81.029999    
   8.9711657      -5.1794858       77.320000    
   10.201622       1.7988317       55.419998    
   5.4079294       1.9683312       50.840000    
   7.0537333       5.9187932       71.260002    
   9.9679480       5.7550082      0.77999997    
   9.9679480       5.7550082       71.820000    
   2.2195444       2.6451528       78.349998    
   3.4529977       5.9807725       81.500000    
   13.317266       15.870916       67.209999    
   15.948716       9.2080135       59.930000    
   12.979031       4.7239947       61.939999    
   4.0284972       6.9775681      0.85000002    
   6.9775734      -4.0284886       88.919998    
   9.9679623      -5.7549839      0.77999997    
   11.961555      -6.9059806       80.800003    
   8.8782024      -10.580588       76.660004    
   12.344058      -10.357859       73.610001    
   9.6180534      -11.462304       59.099998    
   10.964758      -6.3304825       67.209999    
   8.9711657      -5.1794858       66.680000    
   7.0537472      -5.9187765       66.160004    
   5.7550192      -9.9679413       45.959999    
   4.4085922      -3.6992354       52.570000    
   4.6040154      -7.9743533       60.119999    
   6.1720290      -5.1789293       65.620003    
   9.0681124      -1.5989406       44.380001    
   5.4079294       1.9683312       46.509998    
   9.0681124      -1.5989406       48.849998    
   9.9679623      -5.7549839       50.790001    
   15.948739      -9.2079744       40.919998    
   11.097753      -13.225735       43.310001    
   8.9711657      -5.1794858       48.830002    
   8.8171844      -7.3984709       53.360001    
   10.815868      -3.9366362       39.320000    
  0.59961486      -3.4005399       49.270000    
  -0.0000000      -0.0000000       59.660000    
   1.9683247       5.4079318       57.410000    
  -2.3984270       13.602165       67.459999    
  -4.7239790       12.979036       84.470001    
   0.0000000       8.0570002       77.349998    
   0.0000000       4.6040001       88.269997    
   7.9743581       4.6040068       77.820000    
   3.9871790       2.3020034       74.410004    
   4.3263435       1.5746650       74.290001    
  -0.0000000      -0.0000000       77.320000    
   5.2903104      -4.4390826       75.459999    
   7.9743695      -4.6039872      0.85000002    
   4.4085922      -3.6992354       68.809998    
   2.3620040      -6.4895124       64.279999    
  -5.1789517      -6.1720099       50.200001    
  -0.0000000      -0.0000000      0.62000000    
  -0.0000000      -0.0000000       72.910004    
  -2.3619895       6.4895182       77.820000    
  -5.5113091       15.142209       75.110001    
  -11.509992       19.935909       78.790001    
  -5.5113091       15.142209       75.500000    
   0.0000000       13.812000       68.050003    
   32.871895       5.7962356       54.220001    
   22.670271       3.9974039       65.180000    
   8.9711533       5.1795077       62.299999    
   13.602163       2.3984423       49.189999    
   12.468654      -2.1985433       48.340000    
   3.2447605      -1.1809909       60.200001    
   3.4530115      -5.9807649       75.500000    
 -0.99935806      -5.6675668       84.690002    
  -6.9060230      -11.961530       72.660004    
  -2.7556713      -7.5710979       71.820000    
  -0.0000000      -0.0000000       81.269997    
  -0.0000000      -0.0000000       81.419998    
  -4.4390888       5.2903056       78.790001    
  -0.0000000      -0.0000000       85.239998    
  -0.0000000      -0.0000000       88.320000    
  -5.4079342      -1.9683181       88.419998    
  -4.5340562     -0.79947031       81.570000    
  -4.6040154      -7.9743533       85.239998    
  -8.6325283      -14.951911       72.029999    
  -4.7969189      -27.204319       69.510002    
  5.28714882E-05  -23.020000       64.029999    
   5.5113425      -15.142196       66.720001    
   9.2080307      -15.948707       60.970001    
   8.6325283      -14.951911       51.330002    
   11.462339      -9.6180124       58.369999    
   5.7550192      -9.9679413       48.689999    
   5.4079342      -1.9683181       59.650002    
   10.359000      1.18960852E-05   43.330002    
   9.6988840       8.1383400       60.660000    
   6.6586328       7.9354582       74.699997    
   11.961537       6.9060102       72.239998    
   13.955127       8.0570116       34.889999    
   14.796962       17.634352       49.810001    
   13.317266       15.870916       47.360001    
   11.837569       14.107481       55.320000    
   21.929485       12.661018       51.180000    
   17.756405      -21.161177       79.120003    
   8.9711657      -5.1794858       66.720001    
   14.107467       11.837586       75.110001    
   20.403252      -3.5976164       49.189999    
  -9.6989021      -8.1383181       50.660000    
  -12.468654      -2.1985433       83.959999    
  -14.107494      -11.837553       80.870003    
   5.9050097      -16.223780       84.410004    
   6.6586518      -7.9354415       67.580002    
   6.9775734      -4.0284886       53.220001    
   5.7550001      6.60893602E-06   60.549999    
   10.815859       3.9366624       31.639999    
   1.9683247       5.4079318       38.160000    
  -0.0000000      -0.0000000       65.180000    
  -12.661000      1.45396589E-05   74.610001    
  -11.335140      -1.9986758       78.269997    
  -3.5430059      -9.7342682       57.919998    
   4.9839811      -2.8774920       70.459999    
  -0.0000000      -0.0000000       73.669998    
   0.0000000       9.2080002       47.250000    
  -3.9366493       10.815864       65.970001    
   0.0000000       9.2080002       92.230003    
   5.7550001      6.60893602E-06   92.290001    
  -4.7240081      -12.979025       78.129997    
   5.2903104      -4.4390826       72.029999    
   1.1809947       3.2447591       69.279999    
   2.7556546       7.5711045       78.349998    
   2.7981648       15.869193       59.639999    
   1.7988203       10.201624       67.449997    
   11.837569       14.107481       62.820000    
   8.8781776       10.580611       70.739998    
   9.6988840       8.1383400       48.299999    
   0.0000000       6.9060001       69.300003    
   1.5989513       9.0681105       69.300003    
   8.1383295       9.6988935       77.320000    
   16.752617       14.057133       54.939999    
   0.0000000       5.7550001       67.339996    
   7.4814949       12.958341       74.750000    
   7.3984809       8.8171759       93.099998    
   12.468654      -2.1985433       55.950001    
  -5.9188018      -7.0537257       83.089996    
  -0.0000000      -0.0000000       76.250000    
  0.99935806      -5.6675668       76.160004    
  -4.4391012      -5.2902942       78.910004    
  -3.9871848      -2.3019936       89.250000    
  -0.0000000      -0.0000000       88.419998    
  -2.3019984       3.9871819       88.570000    
  -10.815859       3.9366624       73.389999    
  -1.1809947       3.2447591       88.470001    
  -0.0000000      -0.0000000       78.309998    
  -0.0000000      -0.0000000       82.459999    
   1.7264988       2.9903862       57.290001    
  -1.1992135       6.8010826       82.449997    
   1.1810020      -3.2447562       83.089996    
  -6.9775634       4.0285058       76.349998    
  -11.335140      -1.9986758       92.690002    
  -2.7556713      -7.5710979       95.900002    
   3.4530115      -5.9807649       95.919998    
   3.9871848      -2.3019936       92.690002    
  -6.4895153       2.3619974       79.860001    
  -3.9871790       2.3020034       88.809998    
  -0.0000000      -0.0000000       92.489998    
  -3.4005408      0.59961057       1.0000000    
  -10.359000      1.18960852E-05   76.250000    
  -16.223803      -5.9049540       85.900002    
  -19.397768       16.276680       92.750000    
   20.932692       12.085518       82.449997    
   27.204327       4.7968845       47.849998    
   20.403244       3.5976634       40.549999    
   11.961537       6.9060102       53.169998    
   19.567001      2.24703836E-05   61.889999    
   26.473000      3.04011046E-05   30.530001    
   9.7342730       3.5429962       34.389999    
   7.5711012       2.7556636       64.680000    
  1.05742974E-05  -4.6040001       89.160004    
  -4.6040001      5.28714872E-06   75.580002    
  -7.9354658      -6.6586237       81.650002    
  -3.4530115      -5.9807649       72.449997    
  -7.5711012       2.7556636       92.430000    
  -9.9679623      -5.7549839       75.389999    
  -5.7550192      -9.9679413       72.449997    
   3.4530115      -5.9807649       74.809998    
   1.9683367      -5.4079270       74.809998    
  -8.9711657      -5.1794858       59.369999    
  -1.9683247       5.4079318       69.400002    
  3.96536125E-05  -17.264999       71.820000    
   4.9839811      -2.8774920       58.209999    
   4.3303142       11.897449       35.049999    
  -3.5429845       9.7342768       61.349998    
  -1.3990824       7.9345965       72.239998    
   8.1383295       9.6988935       57.500000    
   6.9059954       11.961545       48.160000    
  -5.9050097      -16.223780       73.389999    
  -7.8733468      -21.631708       85.370003    
  -8.6325283      -14.951911       89.160004    
  -11.462339      -9.6180124       92.430000    
  -17.942331      -10.358972       92.360001    
  -15.948739      -9.2079744       95.730003    
  -16.945536      -9.7834730       92.360001    
  4.22971898E-05  -18.416000       92.360001    
   5.9050097      -16.223780       88.120003    
   2.3984594      -13.602160       74.699997    
   4.4085922      -3.6992354       77.320000    
  -8.6526871       3.1493299       69.959999    
  -4.6039968       7.9743638       81.570000    
  -1.5746597       4.3263454       88.919998    
  -2.9903843       1.7265025       92.260002    
  -10.580600       8.8781900       73.389999    
  -5.7550001      6.60893602E-06   76.320000    
  -0.0000000      -0.0000000       88.470001    
  -3.4529977       5.9807725       88.760002    
   6.6586518      -7.9354415       79.860001    
   9.7342815      -3.5429726       88.900002    
   8.8782024      -10.580588       85.790001    
   5.1795173      -8.9711475       75.879997    
   3.1493387      -8.6526833       53.919998    
  -1.1992135       6.8010826       78.959999    
  -0.0000000      -0.0000000       88.470001    
  -3.5268667       2.9593966       92.430000    
  -11.961537       6.9060102       58.070000    
  -1.3990824       7.9345965       55.560001    
  -1.5989513       9.0681105       57.500000    
  -4.3303142       11.897449       62.299999    
  -2.1985581       12.468652       58.340000    
   1.9683247       5.4079318       74.959999    
   6.9059954       11.961545       86.690002    
  -5.1176753      -14.060610       92.589996    
  1.85050212E-05  -8.0570002       95.900002    
 -0.99935806      -5.6675668       92.559998    
   3.6992512      -4.4085784       79.050003    
   3.6992512      -4.4085784       76.320000    
   6.6586328       7.9354582       54.150002    
   6.9775734      -4.0284886       67.089996    
   10.815859       3.9366624       51.639999    
   6.6586328       7.9354582       84.930000    
   9.7835331      -16.945501       60.930000    
   10.357903      -12.344020       50.840000    
   5.4079294       1.9683312       48.150002    
   1.7988203       10.201624       53.439999    
   11.097721       13.225763       40.369999    
  3.70100424E-05  -16.114000       70.739998    
   2.7982025      -15.869186       72.449997    
  3.17228914E-05  -13.812000       72.120003    
  -6.2986774      -17.305367       58.369999    
  -4.6040154      -7.9743533       60.689999    
  -0.0000000      -0.0000000       68.330002    
  -1.5746597       4.3263454       71.910004    
  -14.107467       11.837586       43.849998    
  -6.3304958       10.964750       78.309998    
   3.5429845       9.7342768       79.120003    
  -1.3990824       7.9345965       85.610001    
   1.5989729      -9.0681067       76.529999    
   7.4815249      -12.958323       73.180000    
   5.9188018      -7.0537257       85.430000    
   6.6586518      -7.9354415       84.690002    
   9.2080307      -15.948707       59.220001    
   3.9366734      -10.815854       54.680000    
   5.6675701     -0.99933791       58.939999    
   5.2903104      -4.4390826       88.320000    
   12.577455      -14.989168       69.629997    
  -2.3984594      -13.602160       88.820000    
   5.9050097      -16.223780       61.939999    
   7.3985023      -8.8171568       56.740002    
  -8.8171844      -7.3984709       44.919998    
  -4.3303142       11.897449       50.840000    
  -4.7239790       12.979036       60.930000    
  -5.9049735       16.223795       78.620003    
   5.5113091       15.142209       72.980003    
   5.1789365       6.1720228       86.019997    
   10.964743       6.3305092       92.779999    
   11.462339      -9.6180124       54.730000    
   14.951942      -8.6324759       35.470001    
   5.9188018      -7.0537257       37.459999    
   6.4895210      -2.3619819       53.910000    
  0.99935806      -5.6675668       53.660000    
  -9.9679480       5.7550082       57.330002    
  -5.9807687       3.4530051       72.029999    
  -0.0000000      -0.0000000       72.660004    
  -9.2080002      1.05742974E-05   78.959999    
  -12.958332       7.4815106       59.930000    
  -8.6526871       3.1493299       70.080002    
  -3.5268667       2.9593966       72.459999    
  -3.4529977       5.9807725       57.220001    
  -10.964743       6.3305092       45.970001    
  -4.3263474      -1.5746545       45.150002    
  -0.0000000      -0.0000000       78.959999    
  -6.6586328       7.9354582       65.180000    
  -7.9345951       1.3990914       48.340000    
  -5.1789517      -6.1720099       57.630001    
   2.2195506      -2.6451471       67.809998    
  -0.0000000      -0.0000000       68.150002    
  -6.8010840      -1.1992055       46.369999    
  -0.0000000      -0.0000000       62.820000    
   2.6451552      -2.2195413       67.690002    
  -0.0000000      -0.0000000       58.770000    
  -6.4895153       2.3619974       44.779999    
  -2.3019984       3.9871819       42.189999    
   2.3019984       3.9871819       65.800003    
  -0.0000000      -0.0000000       57.419998    
  -9.9679480       5.7550082       33.389999    
  -4.3263435       1.5746650       38.419998    
  -2.7982025      -15.869186       85.669998    
  -5.5113425      -15.142196       88.760002    
  -7.4815249      -12.958323       82.449997    
  -4.3303409      -11.897439       85.129997    
  -4.9839811      -2.8774920       79.540001    
  -10.359000      1.18960852E-05   73.790001    
  -8.6526871       3.1493299       50.720001    
  -3.2447605      -1.1809909       63.389999    
  -3.5268667       2.9593966       96.070000    
  -0.0000000      -0.0000000       1.0000000    
  -6.1720166       5.1789441       80.930000    
  -3.4529977       5.9807725       86.519997    
  -6.3305211      -10.964736       95.949997    
  -6.6923451      -18.386953       88.760002    
  -7.8733468      -21.631708       73.589996    
  -1.9987161      -11.335134       79.120003    
  -3.9366734      -10.815854       79.120003    
  -5.1789517      -6.1720099       85.669998    
  -9.0681124      -1.5989406       73.389999    
  -2.9903886      -1.7264951       73.389999    
  -0.0000000      -0.0000000       82.599998    
  -1.3990824       7.9345965       79.070000    
  -11.462317       9.6180391       64.220001    
  -12.979031       4.7239947       64.029999    
  -0.0000000      -0.0000000       79.860001    
   0.0000000       6.9060001       69.860001    
   5.7549958       9.9679546      0.44999999    
   11.510000      1.32178720E-05   53.520000    
  -3.9366734      -10.815854       92.750000    
  -7.4815249      -12.958323       92.559998    
  -7.8733468      -21.631708       78.739998    
  -8.0570269      -13.955118       85.610001    
  -8.9711657      -5.1794858       85.669998    
  -13.955147      -8.0569773       67.220001    
  -8.0570269      -13.955118       68.050003    
  -5.5113425      -15.142196       73.190002    
  -5.2903104      -4.4390826       76.250000    
  -13.955147      -8.0569773       79.050003    
  -14.060629      -5.1176271       89.339996    
  -6.1720290      -5.1789293       89.339996    
  -4.0285134      -6.9775591       88.760002    
  -3.1493387      -8.6526833       85.669998    
  -10.580621      -8.8781652       73.180000    
  -3.6992512      -4.4085784       73.190002    
  -2.9594009      -3.5268629       67.220001    
  -11.335135       1.9987019       82.309998    
  -15.142216      -5.5112906       76.250000    
  -7.4815249      -12.958323       88.809998    
  -9.6180534      -11.462304       92.650002    
  -4.7240081      -12.979025       91.980003    
  -5.5113425      -15.142196       76.349998    
  -6.9060230      -11.961530       96.599998    
  -1.3991013      -7.9345932       88.900002    
  -3.9366734      -10.815854       70.739998    
  -6.3305211      -10.964736       48.470001    
  -0.0000000      -0.0000000       53.630001    
  -0.0000000      -0.0000000       70.199997    
   5.7550001      6.60893602E-06   52.110001    
   10.359000      1.18960852E-05   29.080000    
   8.9711533       5.1795077       35.150002    
  -3.4530115      -5.9807649       89.730003    
   5.1176753      -14.060610       73.589996    
  -4.6040154      -7.9743533       73.589996    
  -2.3984594      -13.602160       79.209999    
  -2.5983310      -14.735673       70.199997    
  2.90793178E-05  -12.661000       67.449997    
  -5.1795173      -8.9711475       58.889999    
  -0.0000000      -0.0000000       58.340000    
   4.4390888       5.2903056       62.820000    
   9.2080002      1.05742974E-05   43.849998    
   7.0537333       5.9187932       30.190001    
   6.4895153       2.3619974       31.240000    
   16.752649      -14.057094       39.439999    
  -7.4796791      -20.550121       65.480003    
  -8.0570269      -13.955118       54.380001    
  -3.4530115      -5.9807649       47.360001    
  -0.0000000      -0.0000000       51.549999    
   6.6586328       7.9354582       42.580002    
  -11.897455      -4.3302999       49.080002    
  -4.3263435       1.5746650       58.070000    
  -1.1810020      -3.2447562       62.560001    
  -6.9060001      7.93072286E-06   73.389999    
  -8.9711533       5.1795077       68.730003    
  -12.958332       7.4815106       56.860001    
  -17.305374       6.2986598       92.779999    
  -16.223787       5.9049931       86.019997    
  -18.386961       6.6923261       96.660004    
  -4.9839811      -2.8774920       96.660004    
  -3.6992512      -4.4085784       96.660004    
  -6.1720166       5.1789441       1.0000000    
  -6.4895153       2.3619974       96.730003    
  -5.9807773      -3.4529903       89.220001    
   4.4085922      -3.6992354       92.839996    
   7.9345980      -1.3990731       83.410004    
   11.335135       1.9987019       54.509998    
   13.602168      -2.3984110       50.029999    
   11.897455      -4.3302999       66.169998    
   10.815868      -3.9366362       66.279999    
   13.602168      -2.3984110       39.470001    
   3.6992512      -4.4085784       83.230003    
   9.6989021      -8.1383181       79.379997    
   17.634369      -14.796942       62.040001    
   6.9060230      -11.961530       57.060001    
   6.6586518      -7.9354415       50.939999    
   6.4895210      -2.3619819       54.680000    
   8.8782024      -10.580588       44.180000    
   11.462339      -9.6180124       31.959999    
   6.8010817       1.1992211       31.030001    
   8.8781776       10.580611       53.330002    
   12.344033       10.357888       56.580002    
   12.958332       7.4815106       27.590000    
  -0.0000000      -0.0000000       71.599998    
  -3.5430059      -9.7342682       76.349998    
  -2.9980741      -17.002699       82.239998    
  -9.2080307      -15.948707       60.599998    
 -0.99935806      -5.6675668       47.360001    
  2.37921704E-05  -10.359000       60.349998    
  -4.6040154      -7.9743533       63.389999    
  -7.0537472      -5.9187765       45.110001    
  -4.3263474      -1.5746545       40.880001    
   4.3263435       1.5746650       47.360001    
  -0.0000000      -0.0000000       58.770000    
  -8.8171673       7.3984914       39.959999    
  -2.3619895       6.4895182       36.040001    
  -0.0000000      -0.0000000       56.009998    
  -0.0000000      -0.0000000       48.779999    
  -4.4085922      -3.6992354       51.480000    
  -0.0000000      -0.0000000       47.080002    
   2.6451552      -2.2195413       48.950001    
   2.7556713      -7.5710979       43.259998    
  -5.9188018      -7.0537257       28.790001    
 -0.59961486      -3.4005399       27.309999    
   4.3263474      -1.5746545       43.709999    
  -2.7556713      -7.5710979       55.520000    
  -7.9743695      -4.6039872       43.610001    
  -5.4079294       1.9683312       55.520000    
  -0.0000000      -0.0000000       69.080002    
   3.1493194       8.6526909       57.599998    
  -13.225750       11.097736       35.500000    
  -1.3990824       7.9345965       29.520000    
   2.3019984       3.9871819       45.740002    
   5.1789365       6.1720228       52.509998    
   4.3303142       11.897449       44.290001    
  -4.6040001      5.28714872E-06   70.809998    
  -0.0000000      -0.0000000       67.339996    
  -0.0000000      -0.0000000       68.250000    
  -6.6586518      -7.9354415       74.559998    
  -3.9871848      -2.3019936       92.989998    
   2.7556546       7.5711045       93.279999    
   3.5429845       9.7342768       87.260002    
   11.097721       13.225763       54.230000    
   4.5340543      0.79948074      0.38000000    
  -2.2195444       2.6451528       81.220001    
   2.9593923       3.5268703       84.160004    
  -10.580600       8.8781900       73.589996    
  -5.9187846       7.0537405       90.459999    
   0.0000000       10.359000       86.660004    
  -2.3984270       13.602165      0.81000000    
   3.1979027       18.136221       64.029999    
  -5.7549958       9.9679546       66.430000    
   3.1493194       8.6526909       93.300003    
   5.7549958       9.9679546       78.330002    
   10.201622       1.7988317       57.470001    
   7.5711012       2.7556636       49.950001    
   4.6040001      5.28714872E-06   67.910004    
   5.9807773      -3.4529903       65.669998    
  -7.9743581       4.6040068       59.720001    
  -2.3019984       3.9871819       65.309998    
  -2.3019984       3.9871819       77.750000    
  -7.9743695      -4.6039872       59.060001    
  -9.0681124      -1.5989406       63.209999    
  -4.4085836       3.6992457       83.790001    
   1.1992135       6.8010826       83.540001    
  -5.6675677      0.99935097       83.599998    
   7.9354501       6.6586423       59.840000    
   5.9807687       3.4530051       48.189999    
   6.4895153       2.3619974       65.370003    
   5.9807687       3.4530051       60.509998    
  -5.1789365       6.1720228       57.869999    
  -0.0000000      -0.0000000       69.290001    
  0.79947567       4.5340552       62.959999    
  -10.580600       8.8781900       51.470001    
  -2.8774979       4.9839773       52.669998    
   2.3619895       6.4895182       58.650002    
  0.59960675       3.4005413       63.209999    
   4.0284972       6.9775681       87.099998    
  -2.3019984       3.9871819       87.050003    
   3.4530001      3.96536143E-06  0.87000000    
   10.964758      -6.3304825       75.330002    
   14.951942      -8.6324759       39.750000    
   5.1795173      -8.9711475       84.260002    
   6.4895153       2.3619974       80.190002    
   8.9711533       5.1795077       62.830002    
   23.020000      2.64357441E-05   35.810001    
   11.897455      -4.3302999       50.439999    
   6.6586518      -7.9354415       68.949997    
   5.1795173      -8.9711475       74.669998    
   9.9679623      -5.7549839       64.220001    
   1.1992297      -6.8010798       86.300003    
  -3.1493387      -8.6526833       79.800003    
  -10.201622       1.7988317       55.389999    
  -4.0284972       6.9775681       64.279999    
  0.99934459       5.6675692       76.879997    
  -2.7556546       7.5711045       62.330002    
   8.8171673       7.3984914       63.700001    
  -5.9807687       3.4530051       86.900002    
 -0.79947567       4.5340552       93.279999    
  -5.9807687       3.4530051       86.949997    
  -10.964743       6.3305092       64.900002    
   7.9354501       6.6586423       46.349998    
   2.1985581       12.468652       75.570000    
   6.9060001      7.93072286E-06   66.129997    
   14.963000      1.71832344E-05   40.599998    
   9.0681124      -1.5989406       58.910000    
  -4.3303409      -11.897439       64.349998    
  -5.9188018      -7.0537257       61.790001    
  -2.1985877      -12.468646       38.099998    
  2.11485949E-05  -9.2080002       33.419998    
  -0.0000000      -0.0000000       64.279999    
  -2.8775096      -4.9839706       72.220001    
  -6.9775634       4.0285058       70.150002    
  -7.0537472      -5.9187765       80.779999    
  -3.6992512      -4.4085784       86.180000    
  -9.2080002      1.05742974E-05   80.930000    
  -8.8171673       7.3984914       68.129997    
  -5.2903104      -4.4390826       78.080002    
  -6.3304958       10.964750       93.330002    
   3.9871848      -2.3019936       87.260002    
  -10.964743       6.3305092       76.480003    
  -1.9986892       11.335138       81.139999    
   7.5711079      -2.7556453       68.250000    
   8.0570269      -13.955118       84.260002    
   1.9987161      -11.335134       78.080002    
   1.5989729      -9.0681067       77.989998    
   3.4530115      -5.9807649       80.930000    
  -2.3020077      -3.9871767       60.910000    
  -6.8010840      -1.1992055       51.939999    
   2.6451552      -2.2195413       67.110001    
  -0.0000000      -0.0000000       57.049999    
  -5.9807687       3.4530051       40.540001    
  -1.9683247       5.4079318       44.840000    
  0.99934459       5.6675692       58.560001    
   3.6992404       4.4085879       51.470001    
   2.3984270       13.602165       40.139999    
   6.6586328       7.9354582       42.770000    
   7.0537333       5.9187932       66.129997    
   11.961537       6.9060102       62.290001    
   17.264999      1.98268062E-05   45.340000    
   10.964758      -6.3304825       29.320000    
   8.9711657      -5.1794858       52.799999    
   6.1720290      -5.1789293       52.669998    
   14.735677       2.5983124       32.360001    
   11.510000      1.32178720E-05   33.700001    
  -0.0000000      -0.0000000       61.029999    
  -3.4530001      3.96536143E-06   63.209999    
   6.4895153       2.3619974       55.910000    
  -5.9807687       3.4530051       93.349998    
  7.93072286E-06  -3.4530001       93.250000    
  -6.9060230      -11.961530       72.919998    
  -2.3984594      -13.602160       67.459999    
  -0.0000000      -0.0000000       55.950001    
  -5.2903104      -4.4390826       69.940002    
  -8.9711533       5.1795077       57.959999    
  -3.4529977       5.9807725       55.009998    
 -0.99934459       5.6675692       62.959999    
   3.5429845       9.7342768       66.430000    
  -14.107467       11.837586       52.930000    
  -1.9986892       11.335138       58.250000    
   4.7239790       12.979036       74.070000    
   3.2447577       1.1809987       93.470001    
   7.9345951       1.3990914       43.070000    
   6.1720166       5.1789441       42.770000    
   5.4079294       1.9683312       65.900002    
   10.201626      -1.7988082       57.730000    
   5.7550192      -9.9679413       45.900002    
   6.6586518      -7.9354415       51.470001    
  -6.9060230      -11.961530       83.470001    
  2.37921704E-05  -10.359000       66.559998    
  -12.958350      -7.4814792       60.770000    
  -4.9839811      -2.8774920       67.239998    
   3.2447577       1.1809987       77.320000    
   5.2902999       4.4390950       64.839996    
  -8.9711533       5.1795077       53.240002    
  -1.3990824       7.9345965       48.599998    
  -0.0000000      -0.0000000       65.139999    
   6.8010817       1.1992211       52.799999    
   6.6586328       7.9354582       39.049999    
   7.3984809       8.8171759       51.650002    
   5.9807773      -3.4529903       93.250000    
  2.37921704E-05  -10.359000       77.750000    
  -11.097753      -13.225735       61.029999    
  0.79947567       4.5340552       53.730000    
   4.6040001      5.28714872E-06   67.110001    
   6.9775734      -4.0284886       60.250000    
  -10.580600       8.8781900       47.590000    
  -3.1493194       8.6526909       50.599998    
  -0.0000000      -0.0000000       66.559998    
  -3.4005408      0.59961057       78.080002    
  -12.468650       2.1985722       47.750000    
  -5.9807773      -3.4529903       58.799999    
  -0.0000000      -0.0000000       86.290001    
  -6.3304958       10.964750       75.779999    
  -6.8010817       1.1992211       75.570000    
  -4.4085836       3.6992457       81.440002    
   7.9345980      -1.3990731       78.489998    
   5.4079294       1.9683312       78.570000    
   11.462317       9.6180391       56.240002    
   4.6039968       7.9743638       54.630001    
   10.359000      1.18960852E-05   75.930000    
   17.634335       14.796983       78.650002    
   16.223787       5.9049931       51.250000    
   8.9711533       5.1795077       64.900002    
   4.5340543      0.79948074       84.339996    
   4.6040001      5.28714872E-06   90.139999    
  -3.1493194       8.6526909       81.919998    
  -3.2447605      -1.1809909       84.040001    
  -0.0000000      -0.0000000       93.300003    
   12.979031       4.7239947       79.370003    
   19.468563      -7.0859451       33.500000    
   12.958350      -7.4814792       50.110001    
   5.7550192      -9.9679413       73.019997    
   6.3305211      -10.964736       70.150002    
  -10.964758      -6.3304825       64.070000    
  -3.5268736      -2.9593883       63.450001    
  -0.0000000      -0.0000000       77.919998    
  -2.3019984       3.9871819       67.589996    
  -11.462317       9.6180391       53.650002    
  -5.9187846       7.0537405       53.240002    
  -1.5989513       9.0681105       78.489998    
   3.9366493       10.815864       76.309998    
  -10.580600       8.8781900       71.919998    
   1.7988203       10.201624       55.040001    
   6.9059954       11.961545       71.720001    
   11.097721       13.225763       79.050003    
   10.964743       6.3305092       44.630001    
   11.961537       6.9060102       54.630001    
   8.9711533       5.1795077       84.220001    
   2.3619895       6.4895182       79.370003    
   10.580600       8.8781900       55.189999    
   7.9743581       4.6040068       76.529999    
   9.0681086       1.5989615       73.489998    
   10.815859       3.9366624       73.410004    
   20.550150      -7.4796085       32.200001    
   14.060629      -5.1176271       43.680000    
   6.1720290      -5.1789293       65.309998    
   5.9807773      -3.4529903       78.080002    
  -3.5430059      -9.7342682       74.940002    
  -3.5268736      -2.9593883       74.940002    
   4.5340543      0.79948074       83.470001    
   4.4085836       3.6992457       80.930000    
  -6.6586328       7.9354582       46.470001    
  -3.9366493       10.815864       59.060001    
   2.3619895       6.4895182       74.940002    
  -2.7981648       15.869193       78.660004    
   16.945511       9.7835150       51.119999    
   12.344033       10.357888       67.220001    
   5.6675701     -0.99933791       84.339996    
   4.3263474      -1.5746545       66.129997    
   6.3305211      -10.964736       32.320000    
  -4.6039968       7.9743638       64.300003    
   3.4005420     -0.59960276       66.430000    
  -5.2903104      -4.4390826       76.129997    
  -7.9743695      -4.6039872       58.250000    
  -5.6675701     -0.99933791       90.660004    
  -0.0000000      -0.0000000       73.410004    
   4.6039968       7.9743638       78.720001    
   12.979031       4.7239947       42.209999    
   7.0537333       5.9187932       54.900002    
   1.9683247       5.4079318       76.480003    
   11.097721       13.225763       76.900002    
   5.7549958       9.9679546       60.869999    
   5.7550001      6.60893602E-06   73.879997    
   9.0681086       1.5989615       71.419998    
   11.335140      -1.9986758       66.480003    
  -6.4895153       2.3619974       57.389999    
  -4.3263435       1.5746650       69.320000    
  -0.0000000      -0.0000000       84.919998    
  -0.0000000      -0.0000000       76.699997    
  -6.6586328       7.9354582       65.349998    
  -4.9839740       2.8775041       87.500000    
  -1.5989513       9.0681105       84.220001    
  -4.9839740       2.8775041       87.500000    
   9.7834940       16.945524       65.930000    
   15.142216      -5.5112906       61.369999    
   4.9839811      -2.8774920       59.990002    
   7.9743695      -4.6039872       61.910000    
   4.6040154      -7.9743533       41.910000    
  -3.5268667       2.9593966       54.230000    
   2.9903886      -1.7264951       78.410004    
  -0.0000000      -0.0000000       62.049999    
  -10.201622       1.7988317       42.770000    
  -1.3990824       7.9345965       52.189999    
  -0.0000000      -0.0000000       70.879997    
   4.5340543      0.79948074       62.290001    
  -1.5989513       9.0681105       48.259998    
  -3.9871848      -2.3019936       78.720001    
  -4.4085922      -3.6992354       92.830002    
  -3.6992512      -4.4085784       96.360001    
  -9.2080307      -15.948707       64.300003    
  -2.5983310      -14.735673       87.160004    
  -2.7982025      -15.869186       83.980003    
  -7.9743695      -4.6039872      0.81000000    
  -8.8782024      -10.580588       73.489998    
  -5.7550192      -9.9679413       84.040001    
  -11.335140      -1.9986758       70.809998    
  -9.0681124      -1.5989406       78.410004    
  -10.580621      -8.8781652       66.129997    
  -1.7988446      -10.201620       75.570000    
  0.79948646      -4.5340533       89.940002    
  1.05742974E-05  -4.6040001       78.570000    
  -10.815868      -3.9366362       64.300003    
  -5.2903104      -4.4390826       76.129997    
  -0.0000000      -0.0000000       86.660004    
  -3.4530115      -5.9807649       87.349998    
  -12.468654      -2.1985433       69.110001    
  -0.0000000      -0.0000000       59.720001    
  -0.0000000      -0.0000000       86.660004    
  -4.4085836       3.6992457       76.480003    
  -11.961537       6.9060102       58.509998    
  -2.7556546       7.5711045       60.230000    
   1.1809947       3.2447591       66.360001    
  -2.3019984       3.9871819       73.879997    
  -10.815859       3.9366624       69.230003    
  -1.1992135       6.8010826       62.400002    
  0.79947567       4.5340552       68.779999    
  0.99934459       5.6675692       73.879997    
   1.9986892       11.335138       45.220001    
   1.1992135       6.8010826       58.509998    
   12.661000      1.45396589E-05   81.790001    
   6.1720290      -5.1789293       76.309998    
   8.9711657      -5.1794858       44.450001    
   7.9743695      -4.6039872       48.639999    
   6.1720290      -5.1789293       65.669998    
   5.9807773      -3.4529903       66.199997    
  -7.9345951       1.3990914       48.480000    
  -4.9839740       2.8775041       63.830002    
   3.4005408      0.59961057       70.260002    
  -0.0000000      -0.0000000       78.489998    
  -14.963000      1.71832344E-05   64.300003    
  -4.4391012      -5.2902942       57.049999    
  -0.0000000      -0.0000000       77.989998    
  -2.7556713      -7.5710979       73.300003    
  -11.897445       4.3303285       60.230000    
  -5.4079294       1.9683312       66.430000    
  -2.6451499       2.2195475       84.160004    
  -1.9683247       5.4079318       68.690002    
  -10.964743       6.3305092       60.740002    
  -1.9683247       5.4079318       54.349998    
   2.2195444       2.6451528       73.489998    
  -2.7556546       7.5711045       64.769997    
   1.7264988       2.9903862       76.480003    
   0.0000000       6.9060001       69.230003    
   10.934492       18.939114       55.580002    
   6.4895153       2.3619974       65.129997    
   6.9060001      7.93072286E-06   79.120003    
  -0.0000000      -0.0000000       84.529999    
  -4.4390888       5.2903056       79.050003    
  -4.4391012      -5.2902942       87.500000    
 -0.99935806      -5.6675668       93.540001    
   4.6040001      5.28714872E-06   87.500000    
   10.964758      -6.3304825       62.290001    
   7.9743695      -4.6039872       59.990002    
   1.7264988       2.9903862       78.489998    
   1.7264988       2.9903862       73.410004    
   10.359000      1.18960852E-05   35.950001    
  -4.0284972       6.9775681       73.779999    
  -0.0000000      -0.0000000       71.010002    
  -0.0000000      -0.0000000       73.489998    
  -8.9711533       5.1795077       64.260002    
  -4.6040154      -7.9743533       73.680000    
  -5.2903104      -4.4390826       84.339996    
   5.1789517      -6.1720099       73.680000    
  -8.6526871       3.1493299       54.500000    
   2.3619895       6.4895182       64.029999    
   7.0537333       5.9187932       73.589996    
   7.5711012       2.7556636       81.570000    
   9.0681124      -1.5989406       51.119999    
  -4.5340543      0.79948074       71.419998    
   1.5746597       4.3263454       84.800003    
  -1.7264988       2.9903862       87.449997    
  -12.979031       4.7239947       59.139999    
 -0.79947567       4.5340552       76.739998    
   10.201622       1.7988317       64.169998    
  0.99934459       5.6675692       73.410004    
   9.6180258       11.462329       60.250000    
  -3.4530001      3.96536143E-06   84.339996    
  -3.6992404       4.4085879       87.449997    
   0.0000000       10.359000       90.730003    
   12.958332       7.4815106       81.790001    
   12.468654      -2.1985433       61.160000    
   12.661000      1.45396589E-05   72.529999    
   12.979042      -4.7239637       70.279999    
   14.735677       2.5983124       53.080002    
  -5.2903104      -4.4390826       72.620003    
  -0.0000000      -0.0000000       67.239998    
   4.5340543      0.79948074       62.830002    
   1.1992135       6.8010826       39.049999    
   0.0000000       5.7550001       59.320000    
   3.4529977       5.9807725       69.940002    
   5.1794963       8.9711590       72.919998    
   5.1176443       14.060622       44.290001    
   5.1794963       8.9711590       53.799999    
   2.1985581       12.468652       66.129997    
   9.2079935       15.948728       87.410004    
   14.951921       8.6325121       62.529999    
   6.8010817       1.1992211       67.440002    
  -4.3263474      -1.5746545       84.919998    
   4.4085922      -3.6992354       90.059998    
  -0.0000000      -0.0000000       41.250000    
   6.4895153       2.3619974       49.939999    
   6.8010840      -1.1992055       70.470001    
   2.9594009      -3.5268629       70.150002    
  -5.9807687       3.4530051       57.200001    
  -5.4079294       1.9683312       65.540001    
  -5.4079342      -1.9683181       81.220001    
  -5.1795173      -8.9711475       89.779999    
  -5.9807687       3.4530051       81.790001    
  -0.0000000      -0.0000000       81.709999    
  -0.0000000      -0.0000000       93.330002    
  -0.0000000      -0.0000000       81.139999    
  -7.9345951       1.3990914       78.570000    
  -3.5268667       2.9593966       84.099998    
  -3.9871848      -2.3019936       89.940002    
  -3.9871848      -2.3019936       93.440002    
  -4.4390888       5.2903056       54.349998    
   0.0000000       3.4530001       81.849998    
  -0.0000000      -0.0000000       75.930000    
  -0.0000000      -0.0000000       81.790001    
   8.1383524      -9.6988726       90.660004    
   4.3263435       1.5746650       81.709999    
  3.70100424E-05  -16.114000       84.040001    
  2.64357441E-05  -11.510000       70.150002    
  -11.462339      -9.6180124       48.040001    
  -1.9683367      -5.4079270       70.489998    
   3.4530115      -5.9807649       75.510002    
  -2.1985877      -12.468646       70.489998    
  -11.097753      -13.225735       63.180000    
  -3.9366734      -10.815854       65.070000    
  -6.1720290      -5.1789293       64.839996    
  -8.0570002      9.25251061E-06   70.150002    
  -7.5711079      -2.7556453       55.220001    
  -2.8775096      -4.9839706       65.370003    
  -0.0000000      -0.0000000       77.989998    
  -0.0000000      -0.0000000       75.510002    
  -9.6988840       8.1383400       61.410000    
  -3.9871790       2.3020034       69.940002    
  -0.0000000      -0.0000000       80.190002    
  -0.0000000      -0.0000000       83.790001    
  -9.6988840       8.1383400       64.070000    
  -4.6039968       7.9743638       68.349998    
   0.0000000       6.9060001       80.860001    
   3.9366493       10.815864       73.110001    
   5.9049735       16.223795       51.680000    
   2.7556546       7.5711045       56.240002    
   3.4529977       5.9807725       78.809998    
   8.1383295       9.6988935       81.500000    
   5.5113091       15.142209       52.389999    
   2.7556546       7.5711045       60.880001    
  -0.0000000      -0.0000000       90.059998    
  -2.9903843       1.7265025       81.709999    
  -1.7988203       10.201624       84.459999    
   4.0284972       6.9775681       90.139999    
   6.4895153       2.3619974       90.730003    
   5.9807687       3.4530051       87.500000    
   9.0681086       1.5989615       66.930000    
   5.1789517      -6.1720099       53.950001    
   2.3020077      -3.9871767       75.510002    
  -0.0000000      -0.0000000       75.400002    
  -7.9743581       4.6040068       76.480003    
  -1.7988203       10.201624       81.790001    
   3.9871790       2.3020034       78.410004    
   10.580600       8.8781900       87.160004    
   16.223803      -5.9049540       62.930000    
   5.1795173      -8.9711475       62.959999    
   5.4079342      -1.9683181       83.339996    
   3.9871790       2.3020034       77.589996    
   7.9354501       6.6586423       39.750000    
  -1.5989513       9.0681105       65.610001    
  0.99934459       5.6675692       67.239998    
   4.0284972       6.9775681       70.070000    
  -7.4814949       12.958341       53.799999    
  -1.3990824       7.9345965       70.809998    
   1.1992135       6.8010826       69.940002    
   6.4895153       2.3619974       72.919998    
   8.0570002      9.25251061E-06   73.410004    
  -2.7556713      -7.5710979      0.87000000    
   4.4391012      -5.2902942       77.989998    
  -0.0000000      -0.0000000       81.070000    
  -8.0570002      9.25251061E-06   63.450001    
  -2.6451552      -2.2195413       72.529999    
   2.6451552      -2.2195413       86.290001    
  -0.0000000      -0.0000000       81.070000    
  -10.580600       8.8781900       68.570000    
  -7.9354501       6.6586423       78.660004    
  -8.8781776       10.580611       81.290001    
  -1.7988203       10.201624       73.019997    
  -3.5429845       9.7342768       64.769997    
  -0.0000000      -0.0000000       87.410004    
   5.2902999       4.4390950       84.099998    
   7.0537333       5.9187932       87.160004    
   11.961537       6.9060102       42.299999    
   4.5340543      0.79948074       55.009998    
   5.7550001      6.60893602E-06   80.930000    
   3.2447577       1.1809987       77.830002    
  -0.0000000      -0.0000000      0.44999999    
  -2.3619895       6.4895182       72.919998    
   6.6586328       7.9354582       72.720001    
   7.3984809       8.8171759       65.610001    
   12.577418       14.989200       26.840000    
   6.9060230      -11.961530       89.940002    
   2.9593923       3.5268703       90.459999    
  -0.0000000      -0.0000000       86.949997    
  -9.6988840       8.1383400       40.230000    
  0.59960675       3.4005413       45.430000    
  -0.0000000      -0.0000000       84.379997    
  -6.1720166       5.1789441       93.279999    
  -0.0000000      -0.0000000       65.900002    
   3.6992512      -4.4085784       80.860001    
  -5.4079342      -1.9683181       89.860001    
  -1.7264988       2.9903862       93.349998    
   4.0284972       6.9775681       66.480003    
  -0.0000000      -0.0000000       78.650002    
  -4.3303409      -11.897439       93.349998    
  -4.3303409      -11.897439       86.949997    
  -4.7240081      -12.979025       80.860001    
  -7.0537472      -5.9187765       84.379997    
  -14.735677       2.5983124       80.489998    
  -12.468650       2.1985722       77.919998    
  -11.510000      1.32178720E-05   78.250000    
  -6.8010817       1.1992211       78.660004    
  -4.4390888       5.2903056       83.790001    
  -4.7239790       12.979036       81.290001    
  -10.580600       8.8781900       70.680000    
   5.1794963       8.9711590       87.349998    
   14.963000      1.71832344E-05   70.070000    
   9.9679480       5.7550082       71.809998    
   19.567001      2.24703836E-05   33.189999    
   6.4895153       2.3619974       38.099998    
   8.9711533       5.1795077       48.950001    
   12.979031       4.7239947       56.860001    
   16.114000      1.85050212E-05   44.470001    
   6.8010840      -1.1992055       74.080002    
   3.5268736      -2.9593883       89.220001    
   1.1992297      -6.8010798       85.779999    
   1.7988446      -10.201620       67.110001    
  4.22971898E-05  -18.416000       69.860001    
  -8.2670145      -22.713295       86.180000    
  -3.3978176      -19.269728       86.180000    
  -3.3978176      -19.269728       80.930000    
  -2.9980741      -17.002699       83.540001    
  -5.7550192      -9.9679413       83.470001    
  -3.5430059      -9.7342682       93.129997    
  -5.9188018      -7.0537257       83.599998    
  -10.964758      -6.3304825       86.290001    
  -7.9345951       1.3990914       89.699997    
  -5.1795173      -8.9711475       92.559998    
  -3.5430059      -9.7342682       89.650002    
  1.85050212E-05  -8.0570002       89.650002    
   4.4085922      -3.6992354       93.129997    
   6.1720290      -5.1789293       89.610001    
  -5.9188018      -7.0537257       80.489998    
   2.6451499       2.2195475       83.470001    
   3.5268736      -2.9593883       93.080002    
   2.2195506      -2.6451471       86.580002    
  -7.5711079      -2.7556453       63.209999    
  -0.0000000      -0.0000000       83.339996    
  -2.8774979       4.9839773       89.699997    
  -6.3304958       10.964750       86.949997    
  -10.580600       8.8781900       78.660004    
  -11.897445       4.3303285       81.070000    
  -3.1493194       8.6526909       80.489998    
  -1.7988203       10.201624       81.150002    
   8.1383295       9.6988935       66.430000    
   2.9903843       1.7265025       63.209999    
  -0.0000000      -0.0000000       92.959999    
  -4.5340562     -0.79947031       86.900002    
  -1.7988203       10.201624       84.040001    
  -3.1493194       8.6526909       93.330002    
   5.7549958       9.9679546       83.980003    
   7.0537333       5.9187932       83.790001    
   10.580621      -8.8781652       57.330002    
   6.9060001      7.93072286E-06   52.400002    
   4.9839811      -2.8774920       65.430000    
   4.3263474      -1.5746545       72.980003    
   11.897455      -4.3302999       40.540001    
  -0.0000000      -0.0000000       58.770000    
   1.5746694      -4.3263416       66.040001    
   4.0285134      -6.9775591       73.389999    
  -6.4895153       2.3619974       64.220001    
  -0.0000000      -0.0000000       73.690002    
  -0.0000000      -0.0000000       86.019997    
 -0.99934459       5.6675692       82.940002    
  -8.1383295       9.6988935       60.509998    
  -2.3619895       6.4895182       72.129997    
  -1.1992135       6.8010826       74.559998    
   1.1992135       6.8010826       74.559998    
   5.9049735       16.223795       50.889999    
   0.0000000       9.2080002       67.339996    
   3.1493194       8.6526909       69.169998    
   2.7556546       7.5711045       74.750000    
   12.979042      -4.7239637       80.339996    
   4.6040154      -7.9743533       79.860001    
   8.1383524      -9.6988726       70.519997    
   5.2903104      -4.4390826       75.879997    
   6.4895153       2.3619974       46.459999    
  -0.0000000      -0.0000000       65.559998    
  -0.0000000      -0.0000000       85.550003    
  0.59960675       3.4005413       79.209999    
  -5.1794963       8.9711590      0.47999999    
 -0.99934459       5.6675692       68.949997    
   2.1985581       12.468652       68.730003    
   4.3303142       11.897449       86.629997    
   6.9059954       11.961545       81.070000    
  -1.3990824       7.9345965       84.260002    
   5.6675701     -0.99933791       84.379997    
   8.6526871       3.1493299       90.389999    
  -6.1720290      -5.1789293      0.87000000    
  -4.9839740       2.8775041       93.220001    
  -3.9366493       10.815864       93.300003    
   9.6180258       11.462329      0.81000000    
   3.9366493       10.815864       76.309998    
   5.5113091       15.142209       59.740002    
   12.577418       14.989200       64.070000    
   12.468650       2.1985722       75.570000    
   9.9679623      -5.7549839       45.430000    
  -0.0000000      -0.0000000       55.520000    
   4.5340562     -0.79947031       59.840000    
  -0.0000000      -0.0000000       66.650002    
   4.3263474      -1.5746545       41.980000    
  -0.0000000      -0.0000000       64.220001    
   2.3620040      -6.4895124       76.879997    
  -2.5983310      -14.735673       76.709999    
  -6.9060230      -11.961530       66.169998    
  -4.7240081      -12.979025       60.740002    
   4.7240081      -12.979025       55.849998    
   5.9188018      -7.0537257       65.070000    
   3.5430059      -9.7342682       45.790001    
   4.4391012      -5.2902942       51.029999    
   3.9871848      -2.3019936       69.730003    
   4.3263474      -1.5746545       62.040001    
   1.1992135       6.8010826       50.580002    
   4.3263435       1.5746650       57.139999    
  -0.0000000      -0.0000000       78.910004    
  -2.6451499       2.2195475       85.669998    
   16.945511       9.7835150       48.599998    
  -2.1985877      -12.468646       74.269997    
   4.4391012      -5.2902942       73.389999    
   5.1789517      -6.1720099       73.389999    
  -4.9839811      -2.8774920       52.110001    
  -0.0000000      -0.0000000       67.449997    
  -0.0000000      -0.0000000       82.599998    
   2.9903886      -1.7264951       79.209999    
  -5.2903104      -4.4390826       64.029999    
  -1.7264988       2.9903862       71.190002    
  -6.6586328       7.9354582       66.040001    
  -14.989184       12.577435       86.019997    
  -14.989184       12.577435       89.080002    
  -14.951921       8.6325121       92.809998    
  -5.7550192      -9.9679413       89.650002    
   5.1789517      -6.1720099       76.160004    
   5.9188018      -7.0537257       65.669998    
  -0.0000000      -0.0000000       68.279999    
   3.9871790       2.3020034       82.309998    
   0.0000000       5.7550001       85.250000    
   2.1985581       12.468652       69.169998    
   6.6923041       18.386969       80.339996    
   14.107467       11.837586       78.080002    
   10.201622       1.7988317       83.660004    
  -8.1383524      -9.6988726       77.830002    
  -3.4530115      -5.9807649       83.080002    
  -1.3991013      -7.9345932      0.82999998    
  -3.9366734      -10.815854       85.669998    
  -3.1493387      -8.6526833       71.190002    
  -3.6992512      -4.4085784       73.180000    
  -0.0000000      -0.0000000       85.550003    
  -0.0000000      -0.0000000       89.339996    
  -2.1985581       12.468652       68.500000    
  -4.3303142       11.897449       77.150002    
   1.9986892       11.335138       83.410004    
   7.3984809       8.8171759       83.599998    
   5.6675677      0.99935097       53.369999    
  -0.0000000      -0.0000000       75.120003    
  -0.0000000      -0.0000000       74.750000    
  -1.7988446      -10.201620       86.519997    
  -5.7550192      -9.9679413       83.330002    
  -1.7988446      -10.201620       89.879997    
   2.9903886      -1.7264951       92.800003    
   3.4005408      0.59961057       96.629997    
   3.5268736      -2.9593883       61.910000    
  -4.0285134      -6.9775591       86.169998    
  -4.4391012      -5.2902942       76.760002    
  -0.0000000      -0.0000000       88.709999    
   10.201626      -1.7988082       51.349998    
   2.3019984       3.9871819       66.129997    
   6.4895153       2.3619974       74.349998    
   6.9060001      7.93072286E-06   76.860001    
   2.9593923       3.5268703       50.619999    
  -0.0000000      -0.0000000       76.830002    
  -0.0000000      -0.0000000       83.419998    
  -0.0000000      -0.0000000       89.919998    
   7.9354501       6.6586423       50.560001    
  -0.0000000      -0.0000000       74.720001    
  -0.0000000      -0.0000000       82.580002    
  -0.0000000      -0.0000000       85.769997    
   7.3984809       8.8171759       38.320000    
   1.9683247       5.4079318       71.500000    
   5.9187846       7.0537405       69.089996    
   6.8010817       1.1992211       74.720001    
   5.1176753      -14.060610       58.759998    
   2.1985877      -12.468646       56.450001    
   3.1493387      -8.6526833       68.050003    
   6.1720290      -5.1789293       73.250000    
   6.8010840      -1.1992055       35.869999    
   3.9871790       2.3020034       45.930000    
   5.9807687       3.4530051       57.500000    
   11.462317       9.6180391       57.869999    
   17.942307       10.359015       35.259998    
   14.963000      1.71832344E-05   40.770000    
   4.4391012      -5.2902942       56.169998    
  -5.5113425      -15.142196       65.620003    
  -3.3978176      -19.269728       51.889999    
  -3.9366734      -10.815854       62.060001    
   3.2447605      -1.1809909       69.510002    
   6.4895153       2.3619974       72.430000    
   11.462317       9.6180391       45.730000    
   9.6180258       11.462329       60.110001    
   11.335135       1.9987019       64.239998    
   14.060616       5.1176610       61.939999    
   12.577418       14.989200       34.410000    
   4.6039968       7.9743638       49.630001    
   7.9354501       6.6586423       58.470001    
   2.9593923       3.5268703       75.940002    
   5.1794963       8.9711590       52.700001    
  -0.0000000      -0.0000000       70.949997    
   3.5268736      -2.9593883       79.360001    
   1.7265058      -2.9903824       89.290001    
   5.4079294       1.9683312       73.889999    
   0.0000000       6.9060001       86.330002    
   3.4530001      3.96536143E-06   82.120003    
   4.4085922      -3.6992354       88.669998    
  -3.5268667       2.9593966       76.860001    
  -2.8774979       4.9839773       89.919998    
  -2.7556546       7.5711045       86.059998    
   0.0000000       9.2080002       74.349998    
   1.9986892       11.335138       47.060001    
   0.0000000       8.0570002       60.900002    
   5.7549958       9.9679546       55.509998    
   2.7556546       7.5711045       64.470001    
   2.9980335       17.002707       63.099998    
   21.929485       12.661018       53.500000    
   21.868999      2.51139554E-05   56.860001    
   15.948739      -9.2079744       66.720001    
   22.042961      -18.496178       49.610001    
   13.225776      -11.097706       48.980000    
   8.1383524      -9.6988726       52.680000    
   2.3620040      -6.4895124       62.500000    
   3.5430059      -9.7342682       45.220001    
   5.2903104      -4.4390826       60.250000    
   2.8775096      -4.9839706       65.580002    
  -0.0000000      -0.0000000       66.339996    
   2.6451552      -2.2195413       65.690002    
   2.9903886      -1.7264951       71.250000    
  -5.1794963       8.9711590       67.169998    
  -14.735677       2.5983124       67.029999    
  -1.1992135       6.8010826       72.779999    
  -8.0569944       13.955136       82.040001    
  -2.7556546       7.5711045       92.620003    
   2.3019984       3.9871819       92.620003    
   6.9775734      -4.0284886       81.980003    
   12.661000      1.45396589E-05   82.080002    
   7.9345980      -1.3990731       70.300003    
   8.0570002      9.25251061E-06   75.750000    
   7.5711079      -2.7556453       81.930000    
   4.5340543      0.79948074       72.430000    
   9.0681086       1.5989615       76.440002    
   5.9807773      -3.4529903       73.139999    
   5.7550001      6.60893602E-06   78.599998    
   2.2195444       2.6451528       78.599998    
   5.7549958       9.9679546       63.330002    
   0.0000000       4.6040001       75.940002    
  0.79947567       4.5340552       88.779999    
  0.79947567       4.5340552       92.290001    
   0.0000000       6.9060001       85.540001    
  -8.0569944       13.955136       82.120003    
  -3.5429845       9.7342768       82.040001    
  -2.7981648       15.869193       85.059998    
  -4.7239790       12.979036       86.209999    
  -10.358993       17.942318       92.769997    
   12.344033       10.357888       85.480003    
   5.1176443       14.060622       72.989998    
   9.6180258       11.462329       54.209999    
 -0.59960675       3.4005413       76.120003    
   2.6451499       2.2195475       85.809998    
   6.1720166       5.1789441       85.110001    
   9.9679480       5.7550082       69.959999    
   8.1383295       9.6988935       79.080002    
   10.964743       6.3305092       78.370003    
   10.201622       1.7988317       82.080002    
   11.510000      1.32178720E-05   67.820000    
   9.2080002      1.05742974E-05   79.250000    
   6.8010817       1.1992211       79.080002    
   5.9188018      -7.0537257       66.309998    
   5.7550192      -9.9679413       56.570000    
   7.9743695      -4.6039872       60.990002    
   5.9807773      -3.4529903       63.060001    
   7.5711012       2.7556636       63.060001    
   7.0537333       5.9187932       60.830002    
   1.7265058      -2.9903824       57.930000    
   2.9593923       3.5268703       68.910004    
  -0.0000000      -0.0000000       71.820000    
  -1.5746597       4.3263454       88.269997    
   4.9839740       2.8775041       88.269997    
   10.201622       1.7988317       85.110001    
   6.9775634       4.0285058       85.110001    
   1.7988203       10.201624       88.269997    
   0.0000000       8.0570002       88.269997    
   0.0000000       6.9060001       85.639999    
  -4.9839740       2.8775041       79.169998    
   7.5711012       2.7556636       75.750000    
   15.869190       2.7981827       60.919998    
   10.201622       1.7988317       65.839996    
   15.869190       2.7981827       67.959999    
   14.963000      1.71832344E-05   57.930000    
   13.812000      1.58614457E-05   62.230000    
   9.2080002      1.05742974E-05   61.830002    
   16.114000      1.85050212E-05   62.070000    
   23.803795      -4.1972194       59.549999    
   13.812000      1.58614457E-05   65.580002    
   8.9711657      -5.1794858       68.089996    
   9.9679623      -5.7549839       71.180000    
   11.462339      -9.6180124       46.080002    
   5.4079294       1.9683312       54.439999    
   7.9345951       1.3990914       70.949997    
   5.4079294       1.9683312       76.970001    
   7.5711012       2.7556636       54.360001    
   4.4390888       5.2903056       81.459999    
  -1.1992135       6.8010826       87.699997    
  -1.9986892       11.335138      0.81999999    
  -0.0000000      -0.0000000       89.120003    
  -0.0000000      -0.0000000       92.150002    
   12.958350      -7.4814792      0.81999999    
   11.335140      -1.9986758       71.300003    
   9.2080002      1.05742974E-05   68.089996    
   9.6988840       8.1383400       73.410004    
   4.4390888       5.2903056       76.820000    
   8.8171844      -7.3984709       63.959999    
   9.9679623      -5.7549839       37.759998    
   7.9743581       4.6040068       60.070000    
   9.9679480       5.7550082       62.250000    
   9.7342730       3.5429962      0.52999997    
   23.803795      -4.1972194       37.209999    
   15.869196      -2.7981462       45.070000    
   15.869196      -2.7981462       51.830002    
   11.335140      -1.9986758       58.840000    
   12.979042      -4.7239637       49.720001    
   7.5711012       2.7556636       59.910000    
   4.5340543      0.79948074       54.740002    
   1.5746597       4.3263454       76.620003    
  0.99934459       5.6675692       47.220001    
   2.3019984       3.9871819       84.620003    
   4.6040001      5.28714872E-06   84.680000    
   6.4895210      -2.3619819       76.970001    
   9.9679623      -5.7549839       77.480003    
   5.9050097      -16.223780       84.680000    
   8.6325283      -14.951911       76.919998    
   12.958350      -7.4814792       72.180000    
   9.6989021      -8.1383181       51.830002    
   6.4895153       2.3619974       55.560001    
   5.2902999       4.4390950       63.919998    
   4.6039968       7.9743638       67.860001    
   15.536811       18.516069       45.419998    
   12.577418       14.989200       57.880001    
   14.057114       16.752634       53.400002    
   18.496202       22.042940       59.599998    
   20.932692       12.085518       53.380001    
   14.060616       5.1176610       63.189999    
   6.8010817       1.1992211       71.449997    
   3.2447577       1.1809987       71.250000    
   11.097721       13.225763       63.720001    
   12.958332       7.4815106       63.060001    
   6.4895210      -2.3619819       72.040001    
   10.580621      -8.8781652       63.860001    
   9.0681086       1.5989615       54.770000    
   9.0681086       1.5989615       63.310001    
   5.9807687       3.4530051       77.570000    
   6.6586328       7.9354582       71.480003    
   4.9839740       2.8775041       66.970001    
  -4.6039968       7.9743638       88.269997    
   5.4079294       1.9683312       88.269997    
  -0.0000000      -0.0000000       88.269997    
  -0.0000000      -0.0000000       78.370003    
  -0.0000000      -0.0000000       78.599998    
  -5.4079294       1.9683312       78.599998    
  -9.9679480       5.7550082       96.489998    
  -13.955127       8.0570116       84.489998    
  -16.945511       9.7835150       89.089996    
  -8.0569944       13.955136       95.779999    
   3.5429845       9.7342768       92.620003    
   14.057114       16.752634       65.510002    
   27.204327       4.7968845       55.820000    
   22.670271       3.9974039       58.490002    
   12.468650       2.1985722       65.580002    
   12.468650       2.1985722       68.449997    
   4.6040001      5.28714872E-06   68.199997    
  -0.0000000      -0.0000000       80.519997    
  -1.1992135       6.8010826       80.589996    
   6.9059954       11.961545       44.980000    
   11.897445       4.3303285       67.199997    
   11.510000      1.32178720E-05   66.309998    
   12.468650       2.1985722       69.040001    
   13.602168      -2.3984110       63.060001    
   14.060629      -5.1176271       53.400002    
   11.961555      -6.9059806       58.230000    
   12.661000      1.45396589E-05   59.709999    
   8.9711533       5.1795077       48.480000    
  -2.1985581       12.468652       53.529999    
   10.357873       12.344046       51.990002    
   7.9743581       4.6040068       60.990002    
   14.060629      -5.1176271       49.660000    
